 0.00000000e+00  0.00000000e+00  1.00000000e-12  7.91161106e-06  0.00000000e+00  7.91161106e-06  0.00000000e+00 
 1.80000000e-13  0.00000000e+00  1.00000000e-12  7.86551576e-06 -2.52401794e-08  7.90819656e-06 -1.44749758e-11 
 3.60000000e-13  0.00000000e+00  1.00000000e-12  7.84236256e-06 -3.79180701e-08  7.90480837e-06 -4.32013126e-11 
 7.20000000e-13  0.00000000e+00  1.00000000e-12  7.81282971e-06 -5.40892264e-08  7.89808409e-06 -1.28715172e-10 
 1.44000000e-12  0.00000000e+00  1.00000000e-12  7.78751085e-06 -6.79529567e-08  7.88494195e-06 -4.62944951e-10 
 2.88000000e-12  0.00000000e+00  1.00000000e-12  7.77039339e-06 -5.15788282e-08  7.85975997e-06 -1.53090479e-09 
 5.76000000e-12  0.00000000e+00  1.00000000e-12  7.77122437e-06 -6.02829537e-08  7.81370621e-06 -5.95843680e-09 
 1.15200000e-11  0.00000000e+00  1.00000000e-12  7.76983150e-06 -6.11857719e-08  7.73599493e-06 -2.17876689e-08 
 1.80000000e-11  0.00000000e+00  1.00000000e-12  7.77096518e-06 -6.05255130e-08  7.66618069e-06 -4.48750449e-08 
 1.91520000e-11  1.38240000e-02  1.00000000e-12  9.73523783e-06  1.01510808e-06  7.65559070e-06 -4.95725316e-08 
 2.14560000e-11  4.14720000e-02  1.00000000e-12  1.11017077e-05  1.14566572e-06  7.63519477e-06 -5.88864504e-08 
 2.60640000e-11  9.67680000e-02  1.00000000e-12  6.59826495e-06 -1.13654642e-06  7.59856775e-06 -7.77134691e-08 
 3.52800000e-11  2.07360000e-01  1.00000000e-12  6.36117022e-06 -9.99788615e-07  7.53853039e-06 -1.14814153e-07 
 5.37120000e-11  4.28544000e-01  1.00000000e-12  6.34891557e-06 -1.01273717e-06  7.45398011e-06 -1.79522664e-07 
 8.30135156e-11  7.80162188e-01  1.00000000e-12  7.12880085e-06 -3.45436754e-07  7.46173014e-06 -2.28089702e-07 
 1.17812360e-10  1.19774832e+00  1.00000000e-12 -4.72567828e-05 -3.01928264e-05  6.77825582e-06 -4.64648792e-07 
 1.18000000e-10  1.20000000e+00  1.00000000e-12 -5.03679716e-05 -3.28457665e-05  6.77014711e-06 -4.67227534e-07 
 1.18375279e-10  1.20000000e+00  1.00000000e-12 -8.78060912e-05 -5.17130750e-05  6.75418744e-06 -4.72477637e-07 
 1.19125838e-10  1.20000000e+00  1.00000000e-12 -2.04893961e-04 -1.15828304e-04  6.72267254e-06 -4.83091536e-07 
 1.20626955e-10  1.20000000e+00  1.00000000e-12 -5.72353792e-04 -2.88349985e-04  6.66201041e-06 -5.04626648e-07 
 1.23629188e-10  1.20000000e+00  1.00000000e-12 -1.49894592e-03 -9.36856024e-04  6.55080313e-06 -5.52024123e-07 
 1.29633656e-10  1.20000000e+00  1.00000000e-12 -3.90372152e-03 -2.25408822e-03  6.36486876e-06 -6.61194956e-07 
 1.41642591e-10  1.20000000e+00  1.00000000e-12 -1.17431181e-02 -6.54815595e-03  6.14359784e-06 -8.50928259e-07 
 1.54388588e-10  1.20000000e+00  1.00000000e-12  1.24664198e-02  6.70374673e-03  5.25409780e-06 -1.06679589e-07 
 1.64753602e-10  1.20000000e+00  1.00000000e-12  1.59689046e-01  8.69664782e-02  1.38703406e-06  1.73698600e-06 
 1.75070683e-10  1.20000000e+00  1.00000000e-12  3.26708924e-01  1.82408874e-01 -8.17652278e-06  2.65879598e-06 
 1.83946682e-10  1.20000000e+00  1.00000000e-12  4.20962755e-01  2.26400792e-01 -2.04238979e-05  1.30856110e-06 
 1.94700775e-10  1.20000000e+00  1.00000000e-12  5.11568987e-01  2.83938216e-01 -3.78111676e-04  3.36140690e-04 
 2.13074396e-10  1.20000000e+00  1.00000000e-12  6.08396655e-01  3.35507390e-01 -3.10637389e-03 -1.10689482e-03 
 2.31080031e-10  1.20000000e+00  1.00000000e-12  6.52091588e-01  3.57045475e-01  2.76176351e-02 -2.53085235e-02 
 2.44937373e-10  1.20000000e+00  1.00000000e-12  6.71907067e-01  3.67917936e-01  1.26279799e-01 -3.82429222e-02 
 2.58287656e-10  1.20000000e+00  1.00000000e-12  6.83664127e-01  3.74675767e-01  2.91515223e-01 -1.85216173e-03 
 2.70595011e-10  1.20000000e+00  1.00000000e-12  6.90336318e-01  3.78764482e-01  4.62715196e-01  6.87597665e-02 
 2.92573074e-10  1.20000000e+00  1.00000000e-12  6.93181908e-01  4.02142647e-01  7.36589722e-01  2.22108144e-01 
 3.14887933e-10  1.20000000e+00  1.00000000e-12  6.47345313e-01  2.59452278e-01  9.52538067e-01  3.73090182e-01 
 3.42010435e-10  1.20000000e+00  1.00000000e-12  6.30424674e-01 -3.52943021e-02  1.13041966e+00  5.19574016e-01 
 3.76302255e-10  1.20000000e+00  1.00000000e-12  8.66325993e-01  1.10892202e-01  1.28033964e+00  6.17976193e-01 
 4.03396484e-10  1.20000000e+00  1.00000000e-12  1.02647746e+00  2.94877813e-01  1.38704410e+00  5.72183551e-01 
 4.31167481e-10  1.20000000e+00  1.00000000e-12  1.11993052e+00  4.39040646e-01  1.43488870e+00  4.76131358e-01 
 4.65944814e-10  1.20000000e+00  1.00000000e-12  1.21288115e+00  5.50092785e-01  1.38179019e+00  4.49674869e-01 
 5.02928792e-10  1.20000000e+00  1.00000000e-12  1.29456956e+00  4.47290029e-01  1.29299874e+00  5.00735465e-01 
 5.41716303e-10  1.20000000e+00  1.00000000e-12  1.27985775e+00  3.97981171e-01  1.22469822e+00  5.37973215e-01 
 5.68000000e-10  1.20000000e+00  1.00000000e-12  1.25195361e+00  4.36097106e-01  1.20213643e+00  4.96857072e-01 
 5.72215570e-10  1.14941316e+00  1.00000000e-12  1.24937792e+00  4.45999123e-01  1.19836070e+00  4.82630032e-01 
 5.80646710e-10  1.04823948e+00  1.00000000e-12  1.24210547e+00  4.63930911e-01  1.18949951e+00  4.54579906e-01 
 5.97508990e-10  8.45892121e-01  1.00000000e-12  1.23047764e+00  5.08040723e-01  1.17287288e+00  4.06847602e-01 
 6.29420393e-10  4.62955285e-01  1.00000000e-12  1.22366919e+00  5.67228951e-01  1.14708108e+00  3.66565644e-01 
 6.57687988e-10  1.23744149e-01  1.00000000e-12  1.23359618e+00  5.37242002e-01  1.12836624e+00  3.87232032e-01 
 6.68000000e-10  0.00000000e+00  1.00000000e-12  1.22587007e+00  4.96911586e-01  1.12438006e+00  4.05830246e-01 
 6.69484458e-10  0.00000000e+00  1.00000000e-12  1.22476563e+00  4.93000859e-01  1.12395813e+00  4.08786817e-01 
 6.72453374e-10  0.00000000e+00  1.00000000e-12  1.22173272e+00  4.82591084e-01  1.12334640e+00  4.14707910e-01 
 6.78391206e-10  0.00000000e+00  1.00000000e-12  1.21819500e+00  4.65282120e-01  1.12284759e+00  4.26593933e-01 
 6.89014048e-10  0.00000000e+00  1.00000000e-12  1.21897999e+00  4.38931577e-01  1.12278958e+00  4.47968984e-01 
 6.98930470e-10  0.00000000e+00  1.00000000e-12  1.17081091e+00  3.93639110e-01  1.12405297e+00  4.66976938e-01 
 7.10267385e-10  0.00000000e+00  1.00000000e-12  1.04397290e+00  3.14257342e-01  1.13035441e+00  4.82569175e-01 
 7.21212718e-10  0.00000000e+00  1.00000000e-12  8.81994976e-01  2.26902079e-01  1.13941437e+00  4.89114686e-01 
 7.34586059e-10  0.00000000e+00  1.00000000e-12  6.73269455e-01  1.17361717e-01  1.15288824e+00  4.84716425e-01 
 7.53093571e-10  0.00000000e+00  1.00000000e-12  4.55024015e-01  2.52723833e-02  1.17827846e+00  4.61391345e-01 
 7.81500132e-10  0.00000000e+00  1.00000000e-12  3.86903800e-01  5.50893046e-02  1.13071485e+00  4.37727341e-01 
 7.94791987e-10  0.00000000e+00  1.00000000e-12  3.89553171e-01  7.28525152e-02  1.02582269e+00  4.29529873e-01 
 8.09335449e-10  0.00000000e+00  1.00000000e-12  4.08767723e-01  8.79788905e-02  8.28836434e-01  3.88123149e-01 
 8.26838202e-10  0.00000000e+00  1.00000000e-12  4.26815166e-01  7.20680106e-02  5.41756889e-01  2.86184260e-01 
 8.51373316e-10  0.00000000e+00  1.00000000e-12  4.94270643e-01  8.76340770e-02  1.96424191e-01  1.15534149e-01 
 8.78321399e-10  0.00000000e+00  1.00000000e-12  5.84937547e-01  3.56509228e-01 -3.97384345e-02 -4.38008626e-02 
 9.01348323e-10  0.00000000e+00  1.00000000e-12  4.73719944e-01  4.79321083e-01 -1.43323894e-01 -1.50142978e-01 
 9.18000000e-10  0.00000000e+00  1.00000000e-12  2.79341553e-01  3.86120959e-01 -1.82620301e-01 -2.11292083e-01 
 9.20556149e-10  3.06737869e-02  1.00000000e-12  2.61446510e-01  3.72860857e-01 -1.87879671e-01 -2.17715271e-01 
 9.25668447e-10  9.20213606e-02  1.00000000e-12  2.23247567e-01  3.31512471e-01 -2.00541347e-01 -2.27242127e-01 
 9.35893042e-10  2.14716508e-01  1.00000000e-12  1.60432680e-01  2.68565559e-01 -2.30653165e-01 -2.26824815e-01 
 9.56342234e-10  4.60106803e-01  1.00000000e-12  6.39131720e-02  1.33471592e-01 -2.83946815e-01 -1.61630803e-01 
 9.74424060e-10  6.77088718e-01  1.00000000e-12  1.89956195e-02  4.48270237e-02 -3.17430492e-01 -6.82319758e-02 
 9.90786876e-10  8.73442507e-01  1.00000000e-12 -1.63437449e-03 -5.10361276e-02 -3.28552227e-01 -7.34979833e-03 
 1.00444689e-09  1.03736268e+00  1.00000000e-12 -2.18354911e-02 -1.10681103e-01 -3.12277294e-01  4.42393581e-03 
 1.01733767e-09  1.19205207e+00  1.00000000e-12 -4.68883213e-02 -1.28092059e-01 -2.73115497e-01 -7.29605326e-03 
 1.01800000e-09  1.20000000e+00  1.00000000e-12 -4.89223379e-02 -1.28723420e-01 -2.70534591e-01 -8.21828339e-03 
 1.01930680e-09  1.20000000e+00  1.00000000e-12 -5.14820299e-02 -1.29228083e-01 -2.65297642e-01 -1.00957702e-02 
 1.02192039e-09  1.20000000e+00  1.00000000e-12 -5.62578082e-02 -1.31838924e-01 -2.54851873e-01 -1.36742540e-02 
 1.02714757e-09  1.20000000e+00  1.00000000e-12 -7.05684030e-02 -1.26591617e-01 -2.33183178e-01 -2.02078168e-02 
 1.03546867e-09  1.20000000e+00  1.00000000e-12 -9.65387317e-02 -1.04990863e-01 -1.97064951e-01 -2.98130907e-02 
 1.04408381e-09  1.20000000e+00  1.00000000e-12 -1.25450418e-01 -6.51244917e-02 -1.59197905e-01 -3.98864909e-02 
 1.05620862e-09  1.20000000e+00  1.00000000e-12 -1.86105860e-01 -3.70852017e-03 -1.05312837e-01 -5.81042318e-02 
 1.06962142e-09  1.20000000e+00  1.00000000e-12 -7.68311858e-02  1.27375064e-01 -5.08469713e-02 -8.11115683e-02 
 1.08178325e-09  1.20000000e+00  1.00000000e-12  1.14411962e-01  2.43275071e-01 -1.18719649e-02 -9.67656108e-02 
 1.09332862e-09  1.20000000e+00  1.00000000e-12  2.34551695e-01  2.73218445e-01  1.79389440e-02 -9.94855114e-02 
 1.10613246e-09  1.20000000e+00  1.00000000e-12  3.36016559e-01  2.70548482e-01  3.80246468e-02 -7.82765449e-02 
 1.12165119e-09  1.20000000e+00  1.00000000e-12  4.38344472e-01  2.75563941e-01  2.85638020e-02 -1.45939691e-02 
 1.13140490e-09  1.20000000e+00  1.00000000e-12  5.02712995e-01  2.73775585e-01  1.42792549e-02  2.67735288e-02 
 1.13810028e-09  1.20000000e+00  1.00000000e-12  5.44994324e-01  2.66161179e-01  1.75960389e-02  4.68407546e-02 
 1.14489237e-09  1.20000000e+00  1.00000000e-12  5.80890422e-01  2.60582752e-01  4.29213007e-02  6.33673656e-02 
 1.15500766e-09  1.20000000e+00  1.00000000e-12  6.24320457e-01  2.49504615e-01  1.29060863e-01  9.09725654e-02 
 1.17234635e-09  1.20000000e+00  1.00000000e-12  6.63777876e-01  2.02233238e-01  3.50724735e-01  1.56028200e-01 
 1.19369626e-09  1.20000000e+00  1.00000000e-12  6.77301236e-01  2.53894071e-01  6.30601166e-01  2.45970520e-01 
 1.22238796e-09  1.20000000e+00  1.00000000e-12  6.07568164e-01  3.27274351e-01  9.38340187e-01  3.52734398e-01 
 1.25180568e-09  1.20000000e+00  1.00000000e-12  6.42571492e-01  1.39422542e-01  1.14696815e+00  4.33040683e-01 
 1.27883160e-09  1.20000000e+00  1.00000000e-12  8.45279836e-01  2.00712846e-01  1.23662852e+00  5.24531268e-01 
 1.30153466e-09  1.20000000e+00  1.00000000e-12  9.89805411e-01  2.66602678e-01  1.29166224e+00  5.96820171e-01 
 1.33076091e-09  1.20000000e+00  1.00000000e-12  1.11761650e+00  3.43733115e-01  1.36489688e+00  5.86095729e-01 
 1.37664222e-09  1.20000000e+00  1.00000000e-12  1.18711697e+00  4.87626902e-01  1.37985906e+00  5.10385013e-01 
 1.41635687e-09  1.20000000e+00  1.00000000e-12  1.25808031e+00  5.39325084e-01  1.31093496e+00  4.98617186e-01 
 1.45679191e-09  1.20000000e+00  1.00000000e-12  1.27652088e+00  4.77341856e-01  1.23551547e+00  5.14394455e-01 
 1.46800000e-09  1.20000000e+00  1.00000000e-12  1.26761331e+00  4.76692500e-01  1.21866000e+00  5.20315470e-01 
 1.47405947e-09  1.12728636e+00  1.00000000e-12  1.26699792e+00  4.78795642e-01  1.20906814e+00  5.21137245e-01 
 1.48617841e-09  9.81859088e-01  1.00000000e-12  1.26255226e+00  4.83410292e-01  1.19074499e+00  5.19647934e-01 
 1.51041629e-09  6.91004540e-01  1.00000000e-12  1.24313905e+00  4.98875375e-01  1.17050223e+00  4.94091665e-01 
 1.54165690e-09  3.16117149e-01  1.00000000e-12  1.22118191e+00  5.26679876e-01  1.15818164e+00  4.49825867e-01 
 1.56800000e-09  0.00000000e+00  1.00000000e-12  1.21262425e+00  5.57496581e-01  1.14564630e+00  4.36090261e-01 
 1.56992694e-09  0.00000000e+00  1.00000000e-12  1.21209887e+00  5.58326572e-01  1.14497935e+00  4.36272494e-01 
 1.57378081e-09  0.00000000e+00  1.00000000e-12  1.21099381e+00  5.59796694e-01  1.14382739e+00  4.36847813e-01 
 1.58148855e-09  0.00000000e+00  1.00000000e-12  1.21122798e+00  5.56850371e-01  1.14234415e+00  4.39454528e-01 
 1.59553989e-09  0.00000000e+00  1.00000000e-12  1.20100898e+00  5.28645187e-01  1.14159134e+00  4.48694559e-01 
 1.60968801e-09  0.00000000e+00  1.00000000e-12  1.08557926e+00  4.42657010e-01  1.14307496e+00  4.62270297e-01 
 1.62353320e-09  0.00000000e+00  1.00000000e-12  8.84263640e-01  3.16324368e-01  1.14579861e+00  4.78637165e-01 
 1.64031557e-09  0.00000000e+00  1.00000000e-12  6.57276814e-01  1.76553198e-01  1.15010474e+00  5.00146612e-01 
 1.65634874e-09  0.00000000e+00  1.00000000e-12  4.90057112e-01  8.10818727e-02  1.16010886e+00  5.15209591e-01 
 1.68680216e-09  0.00000000e+00  1.00000000e-12  4.11501758e-01  4.85375045e-02  1.08359518e+00  5.26861764e-01 
 1.70122573e-09  0.00000000e+00  1.00000000e-12  3.96012007e-01  5.28714949e-02  9.50604195e-01  5.05568698e-01 
 1.71704470e-09  0.00000000e+00  1.00000000e-12  3.95997277e-01  7.51362902e-02  7.27131111e-01  4.31525685e-01 
 1.73503477e-09  0.00000000e+00  1.00000000e-12  4.03484151e-01  9.57179096e-02  4.53772857e-01  2.95776357e-01 
 1.75967944e-09  0.00000000e+00  1.00000000e-12  4.76432780e-01  2.07344259e-01  1.55158662e-01  9.86301845e-02 
 1.78787957e-09  0.00000000e+00  1.00000000e-12  5.54666445e-01  5.08929174e-01 -6.33472995e-02 -6.55160785e-02 
 1.81176084e-09  0.00000000e+00  1.00000000e-12  4.00447774e-01  5.22035743e-01 -1.80120340e-01 -1.47187488e-01 
 1.81800000e-09  0.00000000e+00  1.00000000e-12  3.19609203e-01  4.59081469e-01 -2.03011111e-01 -1.59136172e-01 
 1.82055175e-09  3.06209791e-02  1.00000000e-12  3.00666407e-01  4.48539121e-01 -2.11156617e-01 -1.62193825e-01 
 1.82565524e-09  9.18629372e-02  1.00000000e-12  2.56231580e-01  4.05214602e-01 -2.26457292e-01 -1.67225465e-01 
 1.83586224e-09  2.14346854e-01  1.00000000e-12  1.81684320e-01  3.07692359e-01 -2.58188215e-01 -1.64152496e-01 
 1.85627622e-09  4.59314686e-01  1.00000000e-12  8.76824008e-02  1.73143596e-01 -3.16508066e-01 -9.69233682e-02 
 1.87430792e-09  6.75695092e-01  1.00000000e-12  3.44280527e-02  8.07650517e-02 -3.45498169e-01 -7.23942180e-03 
 1.88966956e-09  8.60034670e-01  1.00000000e-12  1.11275891e-03  2.01493184e-02 -3.48859407e-01  4.78096085e-02 
 1.90550824e-09  1.05009885e+00  1.00000000e-12 -2.80162897e-02 -3.66004731e-02 -3.22224328e-01  5.59594939e-02 
 1.91800000e-09  1.20000000e+00  1.00000000e-12 -5.16601603e-02 -4.15619716e-02 -2.81350849e-01  3.48891891e-02 
 1.91960478e-09  1.20000000e+00  1.00000000e-12 -5.45695374e-02 -4.18615993e-02 -2.75514953e-01  3.17689358e-02 
 1.92281435e-09  1.20000000e+00  1.00000000e-12 -6.14819731e-02 -4.56715167e-02 -2.63869973e-01  2.58257052e-02 
 1.92923349e-09  1.20000000e+00  1.00000000e-12 -8.19479741e-02 -3.49602671e-02 -2.39712827e-01  1.46117339e-02 
 1.93821224e-09  1.20000000e+00  1.00000000e-12 -1.11847147e-01 -1.01172244e-03 -2.03766344e-01 -6.86861281e-04 
 1.95000404e-09  1.20000000e+00  1.00000000e-12 -1.65747820e-01  4.33449761e-02 -1.55512904e-01 -1.85518411e-02 
 1.96222226e-09  1.20000000e+00  1.00000000e-12 -1.74339830e-01  1.13845542e-01 -1.06301943e-01 -3.26455729e-02 
 1.97516357e-09  1.20000000e+00  1.00000000e-12  8.26597565e-04  2.57887140e-01 -5.74175254e-02 -4.17403980e-02 
 1.98522555e-09  1.20000000e+00  1.00000000e-12  1.56919248e-01  3.28313247e-01 -2.44732459e-02 -4.21497848e-02 
 1.99781547e-09  1.20000000e+00  1.00000000e-12  2.81776694e-01  3.47337218e-01  8.15042283e-03 -2.90876860e-02 
 2.01439454e-09  1.20000000e+00  1.00000000e-12  4.04806986e-01  3.45554687e-01  2.44901381e-02  2.64198557e-02 
 2.03152592e-09  1.20000000e+00  1.00000000e-12  4.97971533e-01  3.21767987e-01  1.25030136e-02  1.06532052e-01 
 2.04408279e-09  1.20000000e+00  1.00000000e-12  5.55324069e-01  3.04950447e-01  3.70367300e-02  1.46758156e-01 
 2.05596197e-09  1.20000000e+00  1.00000000e-12  5.98618614e-01  2.89035760e-01  1.32486683e-01  1.74702744e-01 
 2.07158806e-09  1.20000000e+00  1.00000000e-12  6.39201326e-01  2.76655107e-01  3.30120567e-01  2.28478358e-01 
 2.09730098e-09  1.20000000e+00  1.00000000e-12  6.65801482e-01  3.52834672e-01  6.73131743e-01  3.31279042e-01 
 2.12514456e-09  1.20000000e+00  1.00000000e-12  6.05370206e-01  3.97715050e-01  9.64259043e-01  4.22069584e-01 
 2.15430870e-09  1.20000000e+00  1.00000000e-12  6.61755135e-01  2.35010372e-01  1.14634034e+00  5.11232470e-01 
 2.18182888e-09  1.20000000e+00  1.00000000e-12  8.70130484e-01  2.91838060e-01  1.22789394e+00  6.13407239e-01 
 2.20399172e-09  1.20000000e+00  1.00000000e-12  1.01006522e+00  3.57979421e-01  1.28385379e+00  6.78886629e-01 
 2.23342188e-09  1.20000000e+00  1.00000000e-12  1.12494995e+00  4.39490411e-01  1.35835122e+00  6.66372414e-01 
 2.28445055e-09  1.20000000e+00  1.00000000e-12  1.20015931e+00  6.07002025e-01  1.36480886e+00  5.84836530e-01 
 2.33146308e-09  1.20000000e+00  1.00000000e-12  1.26725115e+00  6.13872853e-01  1.27329121e+00  5.88013278e-01 
 2.36800000e-09  1.20000000e+00  1.00000000e-12  1.27416892e+00  5.79592030e-01  1.21171799e+00  6.06929010e-01 
 2.37254554e-09  1.14545350e+00  1.00000000e-12  1.27099471e+00  5.79944286e-01  1.20664025e+00  6.07699847e-01 
 2.38163663e-09  1.03636049e+00  1.00000000e-12  1.26501019e+00  5.81442288e-01  1.19694433e+00  6.07062772e-01 
 2.39981879e-09  8.18174470e-01  1.00000000e-12  1.25323568e+00  5.86128680e-01  1.17817496e+00  5.96626279e-01 
 2.43618313e-09  3.81802435e-01  1.00000000e-12  1.22452770e+00  6.27480905e-01  1.15423406e+00  5.55504836e-01 
 2.46800000e-09  1.77635684e-15  1.00000000e-12  1.21549813e+00  6.53983308e-01  1.14394873e+00  5.32369048e-01 
 2.47036022e-09  0.00000000e+00  1.00000000e-12  1.21576450e+00  6.54342294e-01  1.14306962e+00  5.32497860e-01 
 2.47508065e-09  0.00000000e+00  1.00000000e-12  1.21649303e+00  6.55059660e-01  1.14130583e+00  5.33224301e-01 
 2.48452152e-09  0.00000000e+00  1.00000000e-12  1.21967411e+00  6.53465551e-01  1.13840758e+00  5.37293553e-01 
 2.49413857e-09  0.00000000e+00  1.00000000e-12  1.20319040e+00  6.40684250e-01  1.13689024e+00  5.44622824e-01 
 2.50608775e-09  0.00000000e+00  1.00000000e-12  1.10577051e+00  5.80375605e-01  1.13712510e+00  5.57064192e-01 
 2.51780305e-09  0.00000000e+00  1.00000000e-12  9.52524875e-01  4.81255393e-01  1.13934785e+00  5.70900728e-01 
 2.53274156e-09  0.00000000e+00  1.00000000e-12  7.38781301e-01  3.33875054e-01  1.14342598e+00  5.88501990e-01 
 2.54855385e-09  0.00000000e+00  1.00000000e-12  5.41711720e-01  2.14592655e-01  1.15079959e+00  6.03368730e-01 
 2.57270728e-09  0.00000000e+00  1.00000000e-12  4.31976374e-01  1.58783388e-01  1.14240173e+00  6.28351301e-01 
 2.59014714e-09  0.00000000e+00  1.00000000e-12  4.01753992e-01  1.56358271e-01  1.05057085e+00  6.35180785e-01 
 2.60624927e-09  0.00000000e+00  1.00000000e-12  3.97995287e-01  1.73132048e-01  8.61920422e-01  5.93591953e-01 
 2.62360493e-09  0.00000000e+00  1.00000000e-12  3.99275973e-01  1.87082518e-01  6.00830342e-01  4.81634188e-01 
 2.65084815e-09  0.00000000e+00  1.00000000e-12  4.34846297e-01  2.36259364e-01  2.31414883e-01  2.57144993e-01 
 2.67995604e-09  0.00000000e+00  1.00000000e-12  5.60018261e-01  5.85436433e-01 -2.86561561e-02  6.34749738e-02 
 2.70212134e-09  0.00000000e+00  1.00000000e-12  4.77787674e-01  6.74271719e-01 -1.48683191e-01 -2.88360432e-02 
 2.71800000e-09  0.00000000e+00  1.00000000e-12  2.93144430e-01  5.58724780e-01 -2.06605703e-01 -6.81107357e-02 
 2.72050795e-09  3.00954236e-02  1.00000000e-12  2.76071008e-01  5.41273631e-01 -2.14895162e-01 -7.10960343e-02 
 2.72552386e-09  9.02862709e-02  1.00000000e-12  2.39311420e-01  4.95805387e-01 -2.33091737e-01 -7.41728206e-02 
 2.73555566e-09  2.10667966e-01  1.00000000e-12  1.77366953e-01  4.19358331e-01 -2.71608106e-01 -6.16659204e-02 
 2.75079721e-09  3.93566498e-01  1.00000000e-12  1.01787844e-01  3.09955457e-01 -3.17998708e-01 -5.13289455e-03 
 2.76811201e-09  6.01344127e-01  1.00000000e-12  4.08985276e-02  2.07356098e-01 -3.46809940e-01  8.28826037e-02 
 2.78660302e-09  8.23236192e-01  1.00000000e-12  2.17243240e-03  1.28196251e-01 -3.51486719e-01  1.56702886e-01 
 2.80896362e-09  1.09156349e+00  1.00000000e-12 -4.04028570e-02  6.27447865e-02 -3.10923486e-01  1.65103115e-01 
 2.81800000e-09  1.20000000e+00  1.00000000e-12 -6.47584403e-02  6.46818924e-02 -2.78394009e-01  1.45679623e-01 
 2.82049275e-09  1.20000000e+00  1.00000000e-12 -7.11866399e-02  6.92663269e-02 -2.68232437e-01  1.39889728e-01 
 2.82547825e-09  1.20000000e+00  1.00000000e-12 -8.56798149e-02  7.42694549e-02 -2.47851849e-01  1.28989682e-01 
 2.83544926e-09  1.20000000e+00  1.00000000e-12 -1.13459754e-01  1.08323957e-01 -2.06055914e-01  1.09438182e-01 
 2.84546562e-09  1.20000000e+00  1.00000000e-12 -1.55743791e-01  1.41721339e-01 -1.63708180e-01  9.26191808e-02 
 2.85775439e-09  1.20000000e+00  1.00000000e-12 -2.00196658e-01  1.95194500e-01 -1.13970057e-01  7.67138426e-02 
 2.87234098e-09  1.20000000e+00  1.00000000e-12 -4.00992715e-02  3.45749993e-01 -5.85664440e-02  6.49062335e-02 
 2.88580589e-09  1.20000000e+00  1.00000000e-12  1.65370317e-01  4.57457597e-01 -1.38070034e-02  6.43434239e-02 
 2.89911034e-09  1.20000000e+00  1.00000000e-12  2.93349961e-01  4.57976651e-01  1.83305563e-02  8.73092314e-02 
 2.91444828e-09  1.20000000e+00  1.00000000e-12  4.05673249e-01  4.39137631e-01  3.04466519e-02  1.48179325e-01 
 2.93199158e-09  1.20000000e+00  1.00000000e-12  5.00050730e-01  4.22818194e-01  1.99798002e-02  2.20154595e-01 
 2.94608661e-09  1.20000000e+00  1.00000000e-12  5.63443647e-01  4.04724693e-01  6.06034758e-02  2.59982543e-01 
 2.95925132e-09  1.20000000e+00  1.00000000e-12  6.08860059e-01  3.82551816e-01  1.87842528e-01  2.99234127e-01 
 2.97891529e-09  1.20000000e+00  1.00000000e-12  6.41861418e-01  3.69177747e-01  4.49028360e-01  3.70040138e-01 
 3.00439465e-09  1.20000000e+00  1.00000000e-12  6.68304857e-01  5.44682099e-01  7.68395064e-01  4.62343809e-01 
 3.03853060e-09  1.20000000e+00  1.00000000e-12  5.91526607e-01  3.77661105e-01  1.07112029e+00  5.62945913e-01 
 3.06691940e-09  1.20000000e+00  1.00000000e-12  7.54195183e-01  3.57415431e-01  1.18850209e+00  6.67925933e-01 
 3.09399923e-09  1.20000000e+00  1.00000000e-12  9.57903762e-01  4.34271983e-01  1.25853810e+00  7.60069499e-01 
 3.12222667e-09  1.20000000e+00  1.00000000e-12  1.08259110e+00  4.95134591e-01  1.34107128e+00  7.67670998e-01 
 3.14909095e-09  1.20000000e+00  1.00000000e-12  1.15100794e+00  6.03979540e-01  1.37819908e+00  7.26882384e-01 
 3.19797806e-09  1.20000000e+00  1.00000000e-12  1.22172602e+00  7.18801163e-01  1.33529671e+00  6.67323213e-01 
 3.25770153e-09  1.20000000e+00  1.00000000e-12  1.27680387e+00  6.75394716e-01  1.21442412e+00  6.84812367e-01 
 3.26800000e-09  1.20000000e+00  1.00000000e-12  1.26619861e+00  6.64406959e-01  1.19648594e+00  6.93594401e-01 
 3.27367742e-09  1.13187096e+00  1.00000000e-12  1.26769205e+00  6.72225865e-01  1.18955625e+00  6.94566277e-01 
 3.28503226e-09  9.95612892e-01  1.00000000e-12  1.25993601e+00  6.77311606e-01  1.17926670e+00  6.91926670e-01 
 3.30237963e-09  7.87444449e-01  1.00000000e-12  1.24439899e+00  6.82324110e-01  1.17162576e+00  6.77194504e-01 
 3.33083564e-09  4.45972287e-01  1.00000000e-12  1.22063790e+00  6.97601941e-01  1.16220883e+00  6.45775751e-01 
 3.35716327e-09  1.30040751e-01  1.00000000e-12  1.20569972e+00  7.38002949e-01  1.14963668e+00  6.26767637e-01 
 3.36800000e-09  0.00000000e+00  1.00000000e-12  1.20436641e+00  7.38103883e-01  1.14487440e+00  6.25454814e-01 
 3.36959525e-09  0.00000000e+00  1.00000000e-12  1.20402863e+00  7.37895506e-01  1.14444560e+00  6.25578144e-01 
 3.37278576e-09  0.00000000e+00  1.00000000e-12  1.20397614e+00  7.35320138e-01  1.14368182e+00  6.25932184e-01 
 3.37916678e-09  0.00000000e+00  1.00000000e-12  1.20542296e+00  7.30383174e-01  1.14268647e+00  6.27413169e-01 
 3.39192880e-09  0.00000000e+00  1.00000000e-12  1.20828850e+00  7.21267601e-01  1.14292967e+00  6.33289857e-01 
 3.40346595e-09  0.00000000e+00  1.00000000e-12  1.13338337e+00  6.70004936e-01  1.14483864e+00  6.42461343e-01 
 3.41770698e-09  0.00000000e+00  1.00000000e-12  9.57958316e-01  5.60501512e-01  1.14683691e+00  6.59479172e-01 
 3.43064541e-09  0.00000000e+00  1.00000000e-12  7.72558974e-01  4.46335131e-01  1.14967673e+00  6.77420804e-01 
 3.44460085e-09  0.00000000e+00  1.00000000e-12  5.80185730e-01  3.34333910e-01  1.15752916e+00  6.92401006e-01 
 3.46750326e-09  0.00000000e+00  1.00000000e-12  4.42190711e-01  2.54561532e-01  1.16637938e+00  7.12354259e-01 
 3.49005922e-09  0.00000000e+00  1.00000000e-12  4.04574925e-01  2.45166448e-01  1.06192862e+00  7.17042407e-01 
 3.50589137e-09  0.00000000e+00  1.00000000e-12  3.93554173e-01  2.59711527e-01  8.77647480e-01  6.82050096e-01 
 3.52421179e-09  0.00000000e+00  1.00000000e-12  3.99445277e-01  2.77568614e-01  6.04043864e-01  5.70374040e-01 
 3.54683307e-09  0.00000000e+00  1.00000000e-12  4.29477651e-01  3.12773560e-01  2.86862025e-01  3.81415557e-01 
 3.57957763e-09  0.00000000e+00  1.00000000e-12  5.56215196e-01  6.62785543e-01 -2.28212150e-02  1.57325236e-01 
 3.60353092e-09  0.00000000e+00  1.00000000e-12  4.68365601e-01  7.65228408e-01 -1.51794731e-01  5.58218529e-02 
 3.61800000e-09  0.00000000e+00  1.00000000e-12  2.99857820e-01  6.45948765e-01 -2.07554474e-01  2.29341623e-02 
 3.61952209e-09  1.82650544e-02  1.00000000e-12  2.90370683e-01  6.40633061e-01 -2.13148132e-01  2.12525582e-02 
 3.62256626e-09  5.47951632e-02  1.00000000e-12  2.67388489e-01  6.11666042e-01 -2.24742496e-01  1.87016039e-02 
 3.62865462e-09  1.27855381e-01  1.00000000e-12  2.25066090e-01  5.65272743e-01 -2.48208237e-01  1.99302978e-02 
 3.63592527e-09  2.15103277e-01  1.00000000e-12  1.82940402e-01  5.15217172e-01 -2.73941144e-01  3.21939500e-02 
 3.65046659e-09  3.89599068e-01  1.00000000e-12  1.04279401e-01  4.07531074e-01 -3.14217380e-01  8.28658737e-02 
 3.67202901e-09  6.48348061e-01  1.00000000e-12  3.18178726e-02  2.81710803e-01 -3.48530981e-01  1.87660448e-01 
 3.69563462e-09  9.31615403e-01  1.00000000e-12 -1.18883697e-02  1.79168304e-01 -3.44078120e-01  2.50820569e-01 
 3.71800000e-09  1.20000000e+00  1.00000000e-12 -6.53335697e-02  1.57236198e-01 -2.85080310e-01  2.29449070e-01 
 3.72048276e-09  1.20000000e+00  1.00000000e-12 -7.05287606e-02  1.61364483e-01 -2.75268051e-01  2.24356557e-01 
 3.72544828e-09  1.20000000e+00  1.00000000e-12 -8.29797687e-02  1.67623682e-01 -2.55389513e-01  2.14677998e-01 
 3.73537932e-09  1.20000000e+00  1.00000000e-12 -1.06290303e-01  2.01933197e-01 -2.13915224e-01  1.96705657e-01 
 3.74497072e-09  1.20000000e+00  1.00000000e-12 -1.39210846e-01  2.30936593e-01 -1.73127834e-01  1.81005557e-01 
 3.75865850e-09  1.20000000e+00  1.00000000e-12 -1.97660054e-01  2.92724406e-01 -1.16410396e-01  1.62221039e-01 
 3.77117493e-09  1.20000000e+00  1.00000000e-12 -7.06177631e-02  4.10684138e-01 -6.95197180e-02  1.50612587e-01 
 3.78415589e-09  1.20000000e+00  1.00000000e-12  1.20625131e-01  5.13173359e-01 -2.58035362e-02  1.50078052e-01 
 3.79612814e-09  1.20000000e+00  1.00000000e-12  2.40662120e-01  5.27509948e-01  7.94272310e-03  1.67423990e-01 
 3.80932118e-09  1.20000000e+00  1.00000000e-12  3.52611882e-01  5.25035947e-01  2.80505914e-02  2.11017659e-01 
 3.82519196e-09  1.20000000e+00  1.00000000e-12  4.50048342e-01  5.12638472e-01  1.65370924e-02  2.89710272e-01 
 3.83598464e-09  1.20000000e+00  1.00000000e-12  5.08295003e-01  5.02561510e-01  5.35940076e-03  3.31638412e-01 
 3.84653084e-09  1.20000000e+00  1.00000000e-12  5.54959091e-01  4.95914003e-01  3.89134442e-02  3.49238424e-01 
 3.85619238e-09  1.20000000e+00  1.00000000e-12  5.86878277e-01  4.73359173e-01  1.23971834e-01  3.66829844e-01 
 3.87551546e-09  1.20000000e+00  1.00000000e-12  6.27159652e-01  4.50767969e-01  3.71044206e-01  4.22396191e-01 
 3.89679466e-09  1.20000000e+00  1.00000000e-12  6.56003649e-01  5.57890154e-01  6.51348269e-01  4.98982341e-01 
 3.92858389e-09  1.20000000e+00  1.00000000e-12  5.86141850e-01  5.71168377e-01  9.75489418e-01  6.06053892e-01 
 3.95431164e-09  1.20000000e+00  1.00000000e-12  6.51221507e-01  4.21716985e-01  1.13268076e+00  6.87011023e-01 
 3.98098073e-09  1.20000000e+00  1.00000000e-12  8.54760216e-01  4.67671981e-01  1.21525359e+00  7.88300745e-01 
 4.00250149e-09  1.20000000e+00  1.00000000e-12  9.90283818e-01  5.26093815e-01  1.27058507e+00  8.57573709e-01 
 4.03169307e-09  1.20000000e+00  1.00000000e-12  1.11156276e+00  6.11207167e-01  1.34588947e+00  8.47673013e-01 
 4.07954238e-09  1.20000000e+00  1.00000000e-12  1.18171309e+00  7.73152520e-01  1.36853787e+00  7.60889153e-01 
 4.11964550e-09  1.20000000e+00  1.00000000e-12  1.25368033e+00  8.18132283e-01  1.29915964e+00  7.55540551e-01 
 4.16090669e-09  1.20000000e+00  1.00000000e-12  1.27205517e+00  7.50671748e-01  1.22529195e+00  7.83646273e-01 
 4.16800000e-09  1.20000000e+00  1.00000000e-12  1.26649549e+00  7.49112186e-01  1.21531254e+00  7.88675722e-01 
 4.17381717e-09  1.13019391e+00  1.00000000e-12  1.26449866e+00  7.49315790e-01  1.20736272e+00  7.90484542e-01 
 4.18545152e-09  9.90581728e-01  1.00000000e-12  1.25884975e+00  7.47776758e-01  1.19126672e+00  7.91677354e-01 
 4.20872022e-09  7.11357366e-01  1.00000000e-12  1.24117591e+00  7.69891602e-01  1.17127689e+00  7.72105273e-01 
 4.24266502e-09  3.04019700e-01  1.00000000e-12  1.21689497e+00  8.09538682e-01  1.15851154e+00  7.21273345e-01 
 4.26800000e-09  3.99680289e-15  1.00000000e-12  1.21027406e+00  8.43627600e-01  1.14721541e+00  7.02807371e-01 
 4.26994287e-09  0.00000000e+00  1.00000000e-12  1.20988239e+00  8.44942997e-01  1.14641463e+00  7.02819501e-01 
 4.27382860e-09  0.00000000e+00  1.00000000e-12  1.20921519e+00  8.48248252e-01  1.14493869e+00  7.03154658e-01 
 4.28160006e-09  0.00000000e+00  1.00000000e-12  1.21108770e+00  8.44781817e-01  1.14256048e+00  7.05827334e-01 
 4.29516348e-09  0.00000000e+00  1.00000000e-12  1.20162674e+00  8.20815196e-01  1.14010618e+00  7.15966067e-01 
 4.30939709e-09  0.00000000e+00  1.00000000e-12  1.08602551e+00  7.37998767e-01  1.14004569e+00  7.31726952e-01 
 4.32300085e-09  0.00000000e+00  1.00000000e-12  8.91605030e-01  6.10470746e-01  1.14174457e+00  7.50089427e-01 
 4.33970125e-09  0.00000000e+00  1.00000000e-12  6.69512056e-01  4.69736636e-01  1.14482903e+00  7.74093272e-01 
 4.35568168e-09  0.00000000e+00  1.00000000e-12  4.93223496e-01  3.58066654e-01  1.15367260e+00  7.91085361e-01 
 4.38327112e-09  0.00000000e+00  1.00000000e-12  4.08171585e-01  3.23423839e-01  1.09911343e+00  8.06534258e-01 
 4.39847174e-09  0.00000000e+00  1.00000000e-12  3.90888902e-01  3.29913765e-01  9.76621284e-01  7.91751851e-01 
 4.41458272e-09  0.00000000e+00  1.00000000e-12  3.89045125e-01  3.54082912e-01  7.62725261e-01  7.23339858e-01 
 4.43250517e-09  0.00000000e+00  1.00000000e-12  3.91516121e-01  3.71317259e-01  4.88744397e-01  5.85491785e-01 
 4.45948948e-09  0.00000000e+00  1.00000000e-12  4.62651331e-01  4.88000503e-01  1.48410689e-01  3.61949792e-01 
 4.48746244e-09  0.00000000e+00  1.00000000e-12  5.44528754e-01  8.02099203e-01 -7.23457821e-02  2.00549393e-01 
 4.50000000e-09  0.00000000e+00  1.00000000e-12  4.84197349e-01  8.43674196e-01 -1.37505230e-01  1.54219575e-01 
